MSOACode,MSOAName,CityCode,CityName,background,building,road,water,barren,forest,agricultural
E02001834,Birmingham 008,J01000007,Birmingham,0.6648600902673911,0.1711404959684477,0.1100731129073319,0.0,0.0,0.0508526959390115,0.0030736049178175
E02001837,Birmingham 011,J01000007,Birmingham,0.6794701623499567,0.1507709603267925,0.0810531749669734,0.0,0.0,0.0873873963647959,0.0013183059914814
E02001839,Birmingham 013,J01000007,Birmingham,0.6588416414638973,0.1433949071405217,0.0677555437130024,0.0172341860688555,0.0053796754184448,0.1035754726146636,0.0038185735806144
E02001840,Birmingham 014,J01000007,Birmingham,0.6868503751196902,0.1378576549646914,0.0878958104380658,1.5705076764885098e-05,0.006226010973407,0.0803980920308147,0.0007563513965659
E02001842,Birmingham 016,J01000007,Birmingham,0.6838443074005329,0.1324865581184033,0.0754581476678911,0.0029565672211299,0.0,0.0963778211580996,0.0088765984339429
E02001843,Birmingham 017,J01000007,Birmingham,0.6714577204744581,0.1633128313951089,0.0536480487232476,0.0099677502269476,0.0,0.0895859355657873,0.0120277136144503
E02001845,Birmingham 019,J01000007,Birmingham,0.6176240246705335,0.1345297456991793,0.0908572110262784,0.000561276830808,0.0,0.1417678987136995,0.0146598430595012
E02001846,Birmingham 020,J01000007,Birmingham,0.6510142395827944,0.1475125748590128,0.070930632534406,0.0001089336066846,0.0123216237453435,0.1146651514318605,0.003446844239898
E02001848,Birmingham 022,J01000007,Birmingham,0.636320085422967,0.0937735116609963,0.0474622500840053,0.0359419463783182,0.0222809330109627,0.1508203978179603,0.0134008756247899
E02001849,Birmingham 023,J01000007,Birmingham,0.6192264001346329,0.1781848549457043,0.0741720106995221,2.8567020947107604e-05,0.0013403290683783,0.1215820559405971,0.0054657821902179
E02001850,Birmingham 024,J01000007,Birmingham,0.6889139671848244,0.1087871673444634,0.0556535694697131,0.004922373871825,0.0116720957298801,0.1272344441174372,0.0028163822818564
E02001851,Birmingham 025,J01000007,Birmingham,0.6584597487248034,0.151885656246159,0.060663318915353,0.0062207547378164,0.0,0.1172935613371512,0.0054769600387168
E02001852,Birmingham 026,J01000007,Birmingham,0.6393275582290955,0.1641991064631005,0.0620457661390738,0.0006185507296647,0.0006617422746613,0.1302251485744678,0.0029221275899362
E02001854,Birmingham 028,J01000007,Birmingham,0.6017163089908558,0.256719923050433,0.0598488524119886,0.0034477814653901,0.0124589551480156,0.064346869424635,0.0014613095086816
E02001855,Birmingham 029,J01000007,Birmingham,0.6076019136899803,0.215239214251724,0.1009043442410851,0.0036544236518791,0.003839544432392,0.0683309979082816,0.0004295618246577
E02001856,Birmingham 030,J01000007,Birmingham,0.5507241828101022,0.1785963773727417,0.0907223054340907,0.029740742274693,0.0041217122759137,0.1375623430524553,0.0085323367800031
E02001857,Birmingham 031,J01000007,Birmingham,0.5854058657659118,0.1813584896249002,0.0765462085331142,0.0058369556618802,8.03735098264166e-05,0.1491724426805354,0.0015996642238315
E02001858,Birmingham 032,J01000007,Birmingham,0.5968895467122396,0.1335837809244791,0.0434072062174479,0.0134798583984375,0.0,0.2119956868489583,0.0006439208984375
E02001859,Birmingham 033,J01000007,Birmingham,0.5653998789553578,0.2242147444464612,0.0763083299506932,0.0108898315818199,0.0168443530475463,0.0950092240399725,0.0113336379781488
E02001860,Birmingham 034,J01000007,Birmingham,0.585462536895067,0.2288162726119272,0.0721839276929745,0.0,6.137762283743765e-05,0.0985227285180603,0.0149531566591334
E02001861,Birmingham 035,J01000007,Birmingham,0.5647450199833622,0.2110837583188657,0.0921127319335937,0.0003678215874565,0.0058434945565682,0.1053181683575665,0.0205290052625868
E02001862,Birmingham 036,J01000007,Birmingham,0.5654016515260102,0.2349182457052251,0.077948990688529,0.0002292920184391,0.0017852373020623,0.1158222280522828,0.0038943547074512
E02001863,Birmingham 037,J01000007,Birmingham,0.5281562805175781,0.2236903997567983,0.1121183835543119,0.0188815483680138,0.0099126522357647,0.1067012199988731,0.0005395155686598
E02001864,Birmingham 038,J01000007,Birmingham,0.6426725287186472,0.1317420557925575,0.0626423885947779,0.0005484330026726,0.0078269155401932,0.1539888080797697,0.0005788702713815
E02001865,Birmingham 039,J01000007,Birmingham,0.5277932473651893,0.2897607454398174,0.0720538991382659,0.0,0.0030466083099744,0.1053803953777198,0.001965104369033
E02001866,Birmingham 040,J01000007,Birmingham,0.5208445181131949,0.2971379235569909,0.093949151566339,9.125280731726045e-05,0.0,0.0876963472483492,0.0002808067078086
E02001867,Birmingham 041,J01000007,Birmingham,0.6008833399358785,0.1839191868620098,0.1157228721762603,0.0002513021793005,0.0,0.0955140095836711,0.0037092892628795
E02001868,Birmingham 042,J01000007,Birmingham,0.6898334498481704,0.1213384536799469,0.0456793715886377,0.0109561296113449,0.0042036743914802,0.1271703515985355,0.0008185692818842
E02001869,Birmingham 043,J01000007,Birmingham,0.5795471623258771,0.194599079635908,0.1229298669587141,0.0109474973858527,0.0035478603914848,0.0883556941770157,7.283912514740566e-05
E02001870,Birmingham 044,J01000007,Birmingham,0.6144344572112391,0.1932537606169248,0.0881586324233343,0.0046531325704876,0.0023802570803821,0.0937150929072131,0.0034046671904187
E02001871,Birmingham 045,J01000007,Birmingham,0.7114329991004279,0.1352788732589362,0.0635912250186397,0.0003290664440698,0.0035813201017894,0.0809245551440396,0.0048619609320971
E02001872,Birmingham 046,J01000007,Birmingham,0.6793179401131564,0.1386713205381881,0.0687843367110851,0.0058126227800236,0.0029173340908316,0.0954686098320539,0.0090278359346611
E02001873,Birmingham 047,J01000007,Birmingham,0.5540383814080444,0.2050102602326266,0.1062230805485773,0.0059533720162507,0.0016122914596216,0.1269231106563788,0.0002395036785004
E02001874,Birmingham 048,J01000007,Birmingham,0.5942274765658406,0.1175022799449472,0.0754979480495474,0.0043699640776439,0.123752920222527,0.0827186262593981,0.0019307848800954
E02001875,Birmingham 049,J01000007,Birmingham,0.534396330035345,0.2501796941382647,0.1153941773936107,0.0001841426976137,0.0005670875941158,0.0987680440943046,0.0005105240467451
E02001876,Birmingham 050,J01000007,Birmingham,0.5554761433698429,0.2622788635005459,0.1128208776342011,0.008651422839637,0.0077006988318351,0.0520461145864251,0.0010258792375127
E02001877,Birmingham 051,J01000007,Birmingham,0.5175596099261464,0.289602989452436,0.0862182671010389,0.0023760114397321,0.0166120848748208,0.0869990757533482,0.0006319614524774
E02001878,Birmingham 052,J01000007,Birmingham,0.611349910409753,0.1943216839605611,0.0997357963929603,0.004310180303973,0.0079929498092966,0.0799479226681569,0.0023415564552989
E02001879,Birmingham 053,J01000007,Birmingham,0.5330132629476678,0.1866088702893674,0.0925687479298977,0.0590656429408857,0.0234413814416323,0.1023681147743522,0.0029339796761965
E02001880,Birmingham 054,J01000007,Birmingham,0.6903596100983797,0.1447974802407281,0.0679961371920918,0.012542724609375,0.001172592482513,0.0808301302161961,0.002301325160716
E02001881,Birmingham 055,J01000007,Birmingham,0.6656893250570132,0.1394035030651643,0.0691994022082731,0.0008078117591108,5.342781199196171e-05,0.1152170655355288,0.0096294645629177
E02001882,Birmingham 056,J01000007,Birmingham,0.62760912506274,0.1672859618117689,0.0730258579360706,0.0011886298323476,0.0027280626350274,0.1260431172461483,0.0021192454758969
E02001883,Birmingham 057,J01000007,Birmingham,0.6483314959979242,0.1734251886639074,0.0787227003945011,0.0034184398041276,0.0037960233341372,0.0920793224195924,0.00022682938581
E02001884,Birmingham 058,J01000007,Birmingham,0.5952982894458545,0.2386048086201882,0.0626028870971473,0.0001687245118839,0.0075405527492465,0.0910931375829499,0.0046915999927294
E02001886,Birmingham 060,J01000007,Birmingham,0.5551599330656518,0.1413258237388512,0.06418937060966,0.0844770112262775,0.0052958476185287,0.1495507203458204,1.2933952102333692e-06
E02001888,Birmingham 062,J01000007,Birmingham,0.6895928987315003,0.1389344981018926,0.0769668632829693,0.0001890961553009,0.0273674441055512,0.0604262284829583,0.0065229711398272
E02001889,Birmingham 063,J01000007,Birmingham,0.6347392495989523,0.2053925764256453,0.0595401489541038,4.248386745939675e-07,8.42596704611369e-05,0.0904207163233214,0.0098226241888413
E02001890,Birmingham 064,J01000007,Birmingham,0.5522150154814632,0.1536419351999945,0.0378084624950445,0.0012320771304954,0.0039573662758707,0.2497731606791338,0.0013719827379975
E02001892,Birmingham 066,J01000007,Birmingham,0.6559510620884925,0.1287280708488928,0.0488313558966358,0.0007445457346534,0.0006027221679687,0.153376677251212,0.0117655660121445
E02001893,Birmingham 067,J01000007,Birmingham,0.7054548133621423,0.1293149942922982,0.0493220191560584,0.0014063655842877,0.0015487047242208,0.1128693250609353,8.37778200570504e-05
E02001895,Birmingham 069,J01000007,Birmingham,0.6674172710364973,0.1528288612903004,0.0618255507778114,0.0016901795293243,0.0007530266130474,0.1143716892725984,0.0011134214804206
E02001896,Birmingham 070,J01000007,Birmingham,0.5056568492542614,0.2593869295987216,0.0891550385052738,0.0101003148800169,0.0,0.1178407060339095,0.0178601617278167
E02001897,Birmingham 071,J01000007,Birmingham,0.5760681223068149,0.1894092051482836,0.1284827699804913,0.0075891877104758,0.0041038362894246,0.089147751190433,0.0051991273740766
E02001898,Birmingham 072,J01000007,Birmingham,0.7281167680481796,0.1425138222445205,0.0566163428405881,0.0061543282919173,3.5913613549852654e-05,0.0649224601700638,0.0016403647911806
E02001899,Birmingham 073,J01000007,Birmingham,0.6465228599382953,0.1366923599171256,0.0531163336981252,0.003564990993719,0.0,0.1560772060786183,0.0040262493741163
E02001900,Birmingham 074,J01000007,Birmingham,0.5560376026251908,0.1333698495272218,0.0585520937128985,0.0040261464008967,0.0001663974052853,0.2449792786886766,0.0028686316398299
E02001901,Birmingham 075,J01000007,Birmingham,0.6029137725039467,0.1648634678341564,0.0559631901083832,0.0040219756605711,0.0010057558049809,0.1671506259107836,0.0040812121771777
E02001902,Birmingham 076,J01000007,Birmingham,0.6201369642545391,0.1432712206849394,0.0788100826895658,1.5486108080190875e-05,0.0353826597416201,0.0950968935946956,0.0272866929265595
E02001903,Birmingham 077,J01000007,Birmingham,0.5251845634301975,0.3368930533660979,0.0942374209621893,0.0020957969416496,0.0,0.0388889935320845,0.0027001717677809
E02001904,Birmingham 078,J01000007,Birmingham,0.5463231844290264,0.2324837570954063,0.0764364532387397,0.0046467663918548,0.0260303278637539,0.1068014990101086,0.0072780119711101
E02001905,Birmingham 079,J01000007,Birmingham,0.568577747071279,0.1030472836124018,0.0239306284259416,0.021317351283206,0.0015140176704176,0.280803123598698,0.0008098483380558
E02001906,Birmingham 080,J01000007,Birmingham,0.6861081804547992,0.1317071209987396,0.0759286739556073,0.0017445756884044,0.0,0.1029762117733509,0.0015352371290986
E02001907,Birmingham 081,J01000007,Birmingham,0.6800297751519253,0.1232272051462246,0.060517147236981,0.0012157887198957,0.000296904661945,0.130412997829237,0.0043001812537911
E02001908,Birmingham 082,J01000007,Birmingham,0.4004105690603929,0.4367105317808286,0.1359301681835127,0.0,0.0,0.0220004513055951,0.0049482796696706
E02001909,Birmingham 083,J01000007,Birmingham,0.5463222035190516,0.2836277705983709,0.0875329421576402,0.0,0.0,0.0817533411776511,0.0007637425472861
E02001910,Birmingham 084,J01000007,Birmingham,0.6053901143593363,0.196587326503036,0.0825084648510017,0.0001264893182433,0.0149039466782371,0.0999212359437848,0.0005624223463606
E02001911,Birmingham 085,J01000007,Birmingham,0.660956354158055,0.13851535803847,0.0650464685295414,4.3758008845899474e-05,1.1437363935736332e-05,0.1348674040833057,0.0005592198178461
E02001913,Birmingham 087,J01000007,Birmingham,0.6154713279322575,0.1108947620057223,0.0376050313313802,0.0194250006424753,0.0014453419467859,0.2151585361413788,0.0
E02001914,Birmingham 088,J01000007,Birmingham,0.5314958844866071,0.0967099097467237,0.0212831839987759,0.0116839712116575,0.0002830821797595,0.3358222926267281,0.0027216757497479
E02001915,Birmingham 089,J01000007,Birmingham,0.5994363524315116,0.1713532771307991,0.0606660044665903,0.0026417870878648,8.049515375481829e-06,0.1643460647650227,0.0015484646028359
E02001916,Birmingham 090,J01000007,Birmingham,0.6172032794895794,0.1719426005105944,0.0710810086847412,0.0059107658771096,0.0375448843845627,0.0889161107094422,0.0074013503439702
E02001918,Birmingham 092,J01000007,Birmingham,0.5426909998843544,0.18391930429559,0.0487710450824938,0.0057660956131784,0.0001346788908305,0.2187178762335526,0.0
E02001919,Birmingham 093,J01000007,Birmingham,0.5992618272029071,0.1613711474901176,0.0508179379649371,0.005498088213552,0.0,0.1802301900795256,0.0028208090489604
E02001920,Birmingham 094,J01000007,Birmingham,0.6129971709699262,0.1413253446968879,0.0333124656044975,0.0108853545636761,6.069794544198895e-06,0.1994141004362159,0.0020594939342519
E02001921,Birmingham 095,J01000007,Birmingham,0.6144837024165135,0.1146425546384325,0.0563491559496112,0.0012560264736998,9.589101753982844e-05,0.2088818830602309,0.0042907864439721
E02001922,Birmingham 096,J01000007,Birmingham,0.5487182335052725,0.2207506882207603,0.0848467904724215,0.0072475721362191,0.0211096294855667,0.1125522607647582,0.0047748254150014
E02001923,Birmingham 097,J01000007,Birmingham,0.5973923379616032,0.1809080883972627,0.0455377143726014,0.0013254113065867,0.0003675494277686,0.1695185878820586,0.0049503106521185
E02001924,Birmingham 098,J01000007,Birmingham,0.6764186110451956,0.1322361170688522,0.0286712646484375,0.0088128776193779,0.0032734238098714,0.1484343056366822,0.0021534001715829
E02001925,Birmingham 099,J01000007,Birmingham,0.617541819605334,0.1063715291140701,0.0327910174289947,0.0045540645204741,0.0,0.2379770513825816,0.0007645179485452
E02001926,Birmingham 100,J01000007,Birmingham,0.6295353571573893,0.1363920884973862,0.0529884450575884,0.007941676121132,0.0034544888664694,0.1696879443000344,0.0
E02001927,Birmingham 101,J01000007,Birmingham,0.7036677835207663,0.1235520540315336,0.0557901956670764,0.0035680866097177,0.0001955248764892,0.1128166302610273,0.0004097250333892
E02001928,Birmingham 102,J01000007,Birmingham,0.6606770801839444,0.1428240135358214,0.0390565712754571,0.0026614776705809,0.0022922905606012,0.1524234689057058,6.50978678889319e-05
E02001929,Birmingham 103,J01000007,Birmingham,0.6669782576256925,0.1380055429034433,0.0616706385397429,0.0024730154366737,0.0068227907361732,0.1228723600159166,0.0011773947423576
E02001930,Birmingham 104,J01000007,Birmingham,0.6182746693567576,0.2110324349701909,0.0634164826317285,0.0027878401444849,0.0,0.1010015910450375,0.0034869818518004
E02001931,Birmingham 105,J01000007,Birmingham,0.5861543738323709,0.0936733079993206,0.0249678503948709,0.0125404158882472,0.0,0.2820301089079484,0.0006339429772418
E02001932,Birmingham 106,J01000007,Birmingham,0.7077660845895098,0.126099610940004,0.0506894581677906,0.0032812265249399,0.0090487227480635,0.1004527600062878,0.0026621370234041
E02001933,Birmingham 107,J01000007,Birmingham,0.6333710878227014,0.124708501059865,0.0390811830055056,0.0028247382697157,0.0001365080906024,0.1929131054815658,0.0069648762700438
E02001934,Birmingham 108,J01000007,Birmingham,0.6874048650051103,0.1402593086270021,0.0413171911752352,0.0001287973055275,0.0,0.1304283278817344,0.0004615100053903
E02001935,Birmingham 109,J01000007,Birmingham,0.6673365240698462,0.1234424006831538,0.0641273807834934,0.0044759801916173,0.0004478832622906,0.138062605986724,0.0021072250228744
E02001936,Birmingham 110,J01000007,Birmingham,0.6624776961955618,0.158831332592254,0.0687891912798509,0.0109771836733987,0.0009447463015292,0.0958563080916168,0.0021235418657884
E02001937,Birmingham 111,J01000007,Birmingham,0.6915616453619698,0.1081137890741674,0.03230632020866,0.0071655601583501,0.0011468702746975,0.1564695296748992,0.0032362852472558
E02001938,Birmingham 112,J01000007,Birmingham,0.609749332262511,0.1676326988730033,0.0528046942260312,0.0068861501856957,0.0112883197744174,0.1445605511682114,0.0070782535101296
E02001939,Birmingham 113,J01000007,Birmingham,0.6307880126024834,0.1148144005218235,0.0218295446669043,0.0003702722121554,0.0002068929345888,0.2262529341742415,0.0057379428878029
E02001941,Birmingham 115,J01000007,Birmingham,0.6264425283437735,0.1002895366680156,0.045062617854671,0.0163859461878871,0.0012175184828383,0.1996216416000961,0.0109802108627181
E02001942,Birmingham 116,J01000007,Birmingham,0.6336757398049774,0.1590251462578994,0.0649378109509073,8.96560017828154e-05,0.0,0.1394163000782699,0.002855346906163
E02001943,Birmingham 117,J01000007,Birmingham,0.6442952119102774,0.1099625028073017,0.0381247153269844,0.0253082393675811,0.0053449527237766,0.1733733776003815,0.0035910002636971
E02001944,Birmingham 118,J01000007,Birmingham,0.6431987554215665,0.1091575312420604,0.0433842108501651,0.0187035005682436,0.0017571886795876,0.1800485006192835,0.0037503126190929
E02001945,Birmingham 119,J01000007,Birmingham,0.6752514309353299,0.1114500807570265,0.0517518327042863,0.0005246869794599,0.0256621672942473,0.1344050501917933,0.0009547511378566
E02001946,Birmingham 120,J01000007,Birmingham,0.659877717134598,0.1385366677373035,0.0600898862605804,0.0001246165191392,0.0,0.1388140566547951,0.0025570556935837
E02001947,Birmingham 121,J01000007,Birmingham,0.6843728934769082,0.1215941032477184,0.0512264015400304,0.0017878709641178,0.0118634519323838,0.1280530811411089,0.0011021976977323
E02001948,Birmingham 122,J01000007,Birmingham,0.7015829000387106,0.1679479100682714,0.0620232659417229,3.147984410191441e-05,0.0,0.0674254821227477,0.0009889619844453
E02001949,Birmingham 123,J01000007,Birmingham,0.6035739164064766,0.1424696318234755,0.0442803863029745,0.0064475464433639,0.0013395694458291,0.201079720410836,0.0008092291670443
E02001950,Birmingham 124,J01000007,Birmingham,0.6583694053218714,0.1233385343452638,0.0641137885387381,0.0052872320084973,0.0065337712377,0.1401710730247981,0.0021861955231311
E02001951,Birmingham 125,J01000007,Birmingham,0.6256771614538372,0.1592547801318089,0.0549165082899905,0.0020832040691902,0.0001807449930939,0.1577292384363669,0.0001583626257121
E02001952,Birmingham 126,J01000007,Birmingham,0.6675562814720043,0.1334296889436699,0.0665237486910726,0.0008973611638674,0.0014481212400418,0.1297963928142452,0.0003484056750985
E02001953,Birmingham 127,J01000007,Birmingham,0.610483083919603,0.1279007892219388,0.0555563167649872,0.0037832299057318,0.0058704609773596,0.1963574779276945,4.864128268494898e-05
E02001954,Birmingham 128,J01000007,Birmingham,0.6490590725725854,0.1354568659910681,0.0570564046937819,0.0015533848812705,0.001881248072574,0.1541235182020399,0.0008695055866799
E02001955,Birmingham 129,J01000007,Birmingham,0.59261134489802,0.0976671291671636,0.0410714535312798,0.0334638872219406,0.0818205855274928,0.152836014842259,0.0005295848118439
E02001956,Birmingham 130,J01000007,Birmingham,0.6266434873383621,0.122877723430765,0.0563711232152478,0.0080258283943965,0.0006043322332974,0.1846506263469827,0.0008268790409482
E02001957,Birmingham 131,J01000007,Birmingham,0.6967117012321175,0.1413472410920378,0.082565976427747,9.066098696225649e-06,0.0013599395751953,0.0702187426678546,0.0077873329063514
E02002074,Sandwell 032,J01000007,Birmingham,0.6587954321089492,0.1499677444998509,0.1069850246003278,0.0087210008169065,0.0,0.0706064915462151,0.0049243064277503
E02002078,Sandwell 036,J01000007,Birmingham,0.6456459708835768,0.173722507642663,0.1094236954398777,0.0001162321671195,0.0,0.0710884757663892,3.118100373641305e-06
E02002079,Sandwell 037,J01000007,Birmingham,0.6264274062346321,0.177349870979189,0.0949541127391809,0.0194513978535184,0.0,0.0814133017871512,0.0004039104063282
E02002081,Solihull 001,J01000007,Birmingham,0.6554952077736143,0.1372060416151136,0.060830969256693,0.0171186582355297,0.0,0.1280695482256905,0.0012795748933587
E02002082,Solihull 002,J01000007,Birmingham,0.6563397692395495,0.1971131361924208,0.05869451745764,0.0,0.0065752500063413,0.0812176295689174,5.969753513088474e-05
E02002083,Solihull 003,J01000007,Birmingham,0.693075387721485,0.1500744843602779,0.0843667392954355,0.0012344028083123,9.024921973146985e-05,0.0685232600175356,0.002635476577222
E02002084,Solihull 004,J01000007,Birmingham,0.657777104826055,0.1350887722439236,0.0823740902110042,6.364349626068376e-06,9.41871577857906e-05,0.1234764425163595,0.0011830386952457
E02002085,Solihull 005,J01000007,Birmingham,0.6462183911178617,0.1341352623801741,0.0643801805449695,0.0003224385388572,0.0,0.1544475161783243,0.0004962112398129
E02002086,Solihull 006,J01000007,Birmingham,0.6478034753367734,0.1668086424776556,0.0827955081139081,0.001399915404771,0.00115417354882,0.1000091803907857,2.910472728587963e-05
E02002087,Solihull 007,J01000007,Birmingham,0.6979773239862351,0.160700218563988,0.0665671793619791,0.0047757975260416,2.531505766369048e-05,0.0691081019810267,0.0008460635230654
E02002088,Solihull 008,J01000007,Birmingham,0.645827552436516,0.1803236224763491,0.0833128493544907,0.0005796719031558,0.0,0.0898992743947979,5.702943469034522e-05
E02002089,Solihull 009,J01000007,Birmingham,0.6613524417468548,0.1063101387879239,0.0978697171897869,0.0114125744525508,0.0158443631493873,0.0946563925978314,0.0125543720756648
E02002148,Walsall 039,J01000007,Birmingham,0.6621333012650161,0.1453505280468233,0.0853310387232187,0.0011621472700111,0.0013811723716665,0.0976716902013499,0.0069701221219142
E02006698,Bromsgrove 003,J01000007,Birmingham,0.6562663666189533,0.1249460716770119,0.066295195279056,0.0184956171741224,0.0001466097897046,0.1337472575984589,0.0001028818626926
E02006699,Bromsgrove 004,J01000007,Birmingham,0.6823707997882517,0.1402209310009971,0.0581278754150048,0.0171887155669267,0.0,0.1010389501884642,0.0010527280403554
E02006700,Bromsgrove 005,J01000007,Birmingham,0.6891135578923181,0.0648935276657435,0.0264969580682807,0.0350077484414304,0.0174180494373427,0.1619295055283112,0.0051406529665731
E02006807,Birmingham 132,J01000007,Birmingham,0.6512196634659508,0.13478305721423,0.0423640224552014,0.0005709610321448,0.0,0.1688219202072435,0.0022403756252294
E02006809,Birmingham 133,J01000007,Birmingham,0.6618460095117963,0.1358397044832744,0.0391201443142361,0.008784324403793,0.0029939469837007,0.1497345424833752,0.0016813278198242
E02006895,Birmingham 134,J01000007,Birmingham,0.6062330095519243,0.2026979480384263,0.1018933012285305,0.0062337006624721,0.0194451329665632,0.063134773390287,0.0003621341617962
E02006896,Birmingham 135,J01000007,Birmingham,0.5441930649824454,0.3281935467728211,0.0956016265712103,0.0001931035089247,0.0045008716615968,0.0245074735088577,0.0028103129941439
E02006897,Birmingham 136,J01000007,Birmingham,0.5620869536019842,0.2439784268180631,0.0818503411692641,0.0011728870225136,0.0080319676730197,0.102879423715155,0.0
E02006898,Birmingham 137,J01000007,Birmingham,0.561175919389016,0.2909545574471702,0.0727319089723494,0.0192081589101479,0.0005443597295481,0.0553109397807192,7.415577104896496e-05
E02006899,Birmingham 138,J01000007,Birmingham,0.5027002210361291,0.3862156192004909,0.0744345361702286,0.0008981638941271,0.0072556418934087,0.0283735721047353,0.00012224570088
E02006900,Birmingham 139,J01000007,Birmingham,0.5314738010538036,0.3057638201220282,0.0956110132151636,0.0064536949683879,0.0,0.0575227244146939,0.0031749462259226
E02006901,Birmingham 140,J01000007,Birmingham,0.5132684126238697,0.2421358922484574,0.0999903032408723,0.0028620712099778,0.0052814986946584,0.1186228674905098,0.0178389544916543
E02002199,Bradford 017,J01000013,Bradford,0.6326223229462246,0.1286556855687555,0.062419981326697,0.0287035276305,0.0059085881934975,0.1416733219938458,1.657234047943691e-05
E02002201,Bradford 019,J01000013,Bradford,0.6708228365833541,0.1573750043770231,0.0688563495043264,0.0013523177796625,0.0072565937422186,0.0932675790976718,0.0010693189157432
E02002206,Bradford 024,J01000013,Bradford,0.6633137803529706,0.104425631473475,0.0609333155470314,0.0051099219532293,0.0813588242982831,0.082060117428707,0.0027984089463034
E02002208,Bradford 026,J01000013,Bradford,0.6609081773120417,0.1714613473431638,0.0935756792638344,0.0001098924249126,0.0001440945946666,0.0737974783570834,3.330704297407913e-06
E02002209,Bradford 027,J01000013,Bradford,0.6732380133083687,0.1204077130406434,0.0848136011571616,0.0086229963880169,0.0246058454189554,0.087940300585072,0.0003715301017817
E02002210,Bradford 028,J01000013,Bradford,0.6654878752373885,0.1426125294603461,0.0729349016969728,0.0126936244825782,0.0012587501492562,0.1009109919074667,0.0041013270659911
E02002211,Bradford 029,J01000013,Bradford,0.5760104673932601,0.1287418042391228,0.0595649390482796,0.0013042750365666,0.0314699260830702,0.1984434085296132,0.0044651796700872
E02002212,Bradford 030,J01000013,Bradford,0.6275081416400294,0.1336542732985228,0.0575550859734851,0.0115628854443793,0.040412815583555,0.1293067980600282,0.0
E02002214,Bradford 032,J01000013,Bradford,0.6524800203284439,0.1694438077965561,0.0925606241031569,0.0099173721002072,0.031008599728954,0.0442091027084661,0.0003804732342155
E02002215,Bradford 033,J01000013,Bradford,0.56768744638033,0.252190049786434,0.0922720365435163,0.0,0.0072949846214223,0.0768850451317903,0.003670437536507
E02002216,Bradford 034,J01000013,Bradford,0.5133929959049931,0.1718032978199146,0.078275133062292,0.0099828154952437,0.0487874878777398,0.1775221471433286,0.0002361226964879
E02002217,Bradford 035,J01000013,Bradford,0.6042075029878401,0.1175751578391699,0.0800892792688013,0.008392208655512,0.0005421726610626,0.1888858865663501,0.0003077920212637
E02002218,Bradford 036,J01000013,Bradford,0.6547362755651238,0.1367610114254659,0.0834397068578024,0.0385920234080664,0.0213890937994062,0.0650818889441351,0.0
E02002219,Bradford 037,J01000013,Bradford,0.5406044344989189,0.25104632265574,0.08910634810246,0.0056126049230988,0.0090041596335468,0.1046100347533861,1.609543284921671e-05
E02002220,Bradford 038,J01000013,Bradford,0.629586577220361,0.1965312551944814,0.0981437071255498,0.0087062255060224,0.0113870773690031,0.0556451575845821,0.0
E02002221,Bradford 039,J01000013,Bradford,0.5653068428917086,0.2471894611363804,0.1071982377275562,3.806438110516746e-05,0.0133956991771238,0.0663571906186569,0.0005145040674687
E02002222,Bradford 040,J01000013,Bradford,0.6409656470420801,0.1365878028327254,0.0627701564987688,0.0020680721337196,0.0214140290897604,0.1296893296083567,0.0065049627945886
E02002223,Bradford 041,J01000013,Bradford,0.5590234119388008,0.2388305040618616,0.0854470990407941,0.0003824204784856,0.0523184755849399,0.063672245949111,0.0003258429460067
E02002224,Bradford 042,J01000013,Bradford,0.6313199865794603,0.2139088868626442,0.0815177872513506,0.0019963832173225,0.0035094915064004,0.0675343811394891,0.0002130834433325
E02002226,Bradford 044,J01000013,Bradford,0.5871108476705305,0.2278347465935654,0.0807539915207132,0.0,0.0078990408486536,0.095322050045258,0.0010793233212791
E02002227,Bradford 045,J01000013,Bradford,0.5680686134782115,0.198083330050642,0.100806674635209,0.0023250615619136,0.0057493284987687,0.1203285489252316,0.0046384428500234
E02002228,Bradford 046,J01000013,Bradford,0.6172579746014676,0.2217279719920293,0.0743844962795736,0.0010351760184716,0.0244473847300417,0.0611155892190663,3.1407159349696354e-05
E02002229,Bradford 047,J01000013,Bradford,0.6403961181640625,0.1362685464544828,0.0686924361687844,0.0532893713964717,0.0354398932747649,0.0636487829700672,0.0022648515713663
E02002230,Bradford 048,J01000013,Bradford,0.5817397530197251,0.2237582808690713,0.1024844988018063,2.3656533964982268e-05,0.0215194810366799,0.070210406797152,0.0002639229416001
E02002231,Bradford 049,J01000013,Bradford,0.6224555826898831,0.1681123278034267,0.081724081466447,0.007821339279858,0.0109411353495583,0.1086544207672574,0.0002911126435692
E02002232,Bradford 050,J01000013,Bradford,0.5793184807328399,0.1935541768946072,0.0794881085941299,0.0001285419389895,0.0182517678821133,0.1291773161535597,8.16078037603356e-05
E02002233,Bradford 051,J01000013,Bradford,0.5881738005794426,0.21929812034915,0.1263972484017777,0.0,0.0387045164855812,0.0274263141840484,0.0
E02002234,Bradford 052,J01000013,Bradford,0.7061963119711377,0.1393731861267908,0.0662674277461565,0.0050747541575904,0.0007928434070249,0.0821844924231317,0.0001109841681677
E02002235,Bradford 053,J01000013,Bradford,0.6034527778625488,0.1317323303222656,0.0832789611816406,0.0134481811523437,0.0042816925048828,0.1611872863769531,0.0026187705993652
E02002236,Bradford 054,J01000013,Bradford,0.613417128442039,0.1525077819824218,0.0957045756595235,0.0015907824878961,0.0135796506639937,0.1190179905421297,0.004182090221996
E02002237,Bradford 055,J01000013,Bradford,0.6563259038058195,0.1614423881877552,0.1072926304557106,0.0001495101235129,0.0136480114676735,0.0611125122417103,2.9043717817826703e-05
E02002238,Bradford 056,J01000013,Bradford,0.6420444058402409,0.1575012771126964,0.1151812935933167,0.0,0.0188868834659484,0.0643445647798492,0.0020415752079482
E02002239,Bradford 057,J01000013,Bradford,0.6117425820262161,0.2123537358549452,0.0667432883351119,0.0143126497563627,0.0030499330500966,0.0909508223386155,0.0008469886386517
E02002240,Bradford 058,J01000013,Bradford,0.6193034381030565,0.1444273321752054,0.0646945786191172,0.0310010446495268,0.0621037213450883,0.0711796369210657,0.0072902481869397
E02002241,Bradford 059,J01000013,Bradford,0.6437430389077156,0.1462251858908403,0.0935943276374665,0.0122108050546456,0.0298734609419865,0.0711302005131065,0.0032229810542388
E02002242,Bradford 060,J01000013,Bradford,0.5868833680816045,0.1298865682505087,0.0734519874286441,0.056145766976127,0.0178624588922159,0.1331050022285242,0.0026648481423754
E02002243,Bradford 061,J01000013,Bradford,0.6579571238621931,0.1407283101416966,0.0719930081928715,0.0192526640476158,0.0272460213967241,0.0807435554937222,0.0020793168651764
E02002271,Kirklees 001,J01000013,Bradford,0.6876445231424302,0.1066319864414026,0.0521790921074748,0.053703315242414,0.0118108594161088,0.0873326871638213,0.0006975364863482
E02002273,Kirklees 003,J01000013,Bradford,0.6561953779579937,0.1041259564586935,0.058218934633358,0.06743277045892,0.0206938933320981,0.0908670940575078,0.0024659731014286
E02003491,Brighton and Hove 001,J01000014,Brighton & Hove,0.6642393982005147,0.1544893897571988,0.0585619623468182,0.04804674262598,0.0014594593472944,0.0721346999388646,0.001068347783329
E02003492,Brighton and Hove 002,J01000014,Brighton & Hove,0.6972913977956603,0.1280052805115393,0.0620086454249944,0.0243860790670549,0.0002683767581575,0.0863443381373536,0.0016958823052396
E02003493,Brighton and Hove 003,J01000014,Brighton & Hove,0.6179856870987143,0.1264700923962892,0.0444662327869544,0.0479530310900891,0.0002239946233747,0.1617170151181127,0.0011839468864653
E02003494,Brighton and Hove 004,J01000014,Brighton & Hove,0.6643065766915263,0.1421905176599598,0.0331783401233523,0.052306425638039,0.0050899569548708,0.1015287431258729,0.0013994398063787
E02003496,Brighton and Hove 006,J01000014,Brighton & Hove,0.6623333330733326,0.1525648561910318,0.0737554531889601,0.0254495151507587,0.0031818475205296,0.0827149948753868,0.0
E02003497,Brighton and Hove 007,J01000014,Brighton & Hove,0.6539584809699944,0.1257351375493562,0.0466606417705644,0.0421809943845255,0.0,0.1310966739260693,0.0003680713994899
E02003498,Brighton and Hove 008,J01000014,Brighton & Hove,0.6430717489632571,0.1241804491572019,0.0589829987170649,0.0316337350369835,0.003182825254125,0.1363978239000678,0.0025504189712994
E02003499,Brighton and Hove 009,J01000014,Brighton & Hove,0.6581460242382013,0.1204324594786515,0.0483016447350891,0.05260580981412,0.0,0.1194217780765049,0.001092283657433
E02003500,Brighton and Hove 010,J01000014,Brighton & Hove,0.5235043212071361,0.3236228891667103,0.0620367062971895,0.0007681622601195,0.0,0.0900679210688443,0.0
E02003501,Brighton and Hove 011,J01000014,Brighton & Hove,0.5984749221801757,0.1416905784606933,0.0389112091064453,0.0513364219665527,0.0,0.1686783599853515,0.0009085083007812
E02003503,Brighton and Hove 013,J01000014,Brighton & Hove,0.669250204836252,0.1673364314501499,0.0641514686608093,0.0149148521777646,0.0002795003885086,0.083479039809283,0.0005885026772324
E02003504,Brighton and Hove 014,J01000014,Brighton & Hove,0.5735537340587609,0.1902999411775235,0.0585403597767629,0.0480178864084775,0.0045259557285036,0.12185709345365,0.0032050293963212
E02003505,Brighton and Hove 015,J01000014,Brighton & Hove,0.5715563762237422,0.3132927605719982,0.0337595959422004,0.0053901514077087,0.0,0.0760011158543503,0.0
E02003506,Brighton and Hove 016,J01000014,Brighton & Hove,0.5890193927250685,0.3292475494097766,0.0613066574622844,0.0052076955574059,0.0,0.0152187048454643,0.0
E02003508,Brighton and Hove 018,J01000014,Brighton & Hove,0.5678555277369967,0.2940348682787594,0.0660320512400377,0.0062965546678376,0.0,0.0539717194217963,0.0118092786545721
E02003509,Brighton and Hove 019,J01000014,Brighton & Hove,0.5810460166325645,0.2671378483847966,0.0475737072172619,0.0,0.0,0.1042424277653769,0.0
E02003510,Brighton and Hove 020,J01000014,Brighton & Hove,0.6188840157645089,0.2207249232700892,0.0293309674944196,0.0071917288643973,0.0001168387276785,0.1237515258789062,0.0
E02003511,Brighton and Hove 021,J01000014,Brighton & Hove,0.5755131853757983,0.2197220702530984,0.0699077522667655,0.0898296421171685,0.018794632886158,0.0262327171010112,0.0
E02003512,Brighton and Hove 022,J01000014,Brighton & Hove,0.5287994683957568,0.4007880266974954,0.0352139192468979,2.991919424019608e-06,0.0,0.0351955937404258,0.0
E02003513,Brighton and Hove 023,J01000014,Brighton & Hove,0.589042395876165,0.2570013302808616,0.071353666963633,0.0161685162817525,0.025016516969915,0.0414175736276727,0.0
E02003514,Brighton and Hove 024,J01000014,Brighton & Hove,0.6047568273062658,0.3127295754172585,0.0280968251854482,0.004860540833136,0.0,0.0495562312578914,0.0
E02003515,Brighton and Hove 025,J01000014,Brighton & Hove,0.6875369579761059,0.1428067838990843,0.0700553794959922,0.0275406280121245,0.0024630558955204,0.0614078075854809,0.0081893871356914
E02003516,Brighton and Hove 026,J01000014,Brighton & Hove,0.5520067875928217,0.3256772485109839,0.0657104643264619,0.0006530308487391,0.0,0.0559524687209931,0.0
E02003517,Brighton and Hove 027,J01000014,Brighton & Hove,0.5032918399685611,0.3873827049769268,0.0546230388634769,0.0054912138891137,0.004293754722582,0.0421549215629722,0.0027625260163671
E02003518,Brighton and Hove 028,J01000014,Brighton & Hove,0.5778076349820062,0.2280535906466381,0.1116808121127915,0.0295786510056031,0.0208363880568968,0.0320429231960641,0.0
E02003519,Brighton and Hove 029,J01000014,Brighton & Hove,0.5572225039767236,0.3437506292284149,0.0487065266088112,0.0287046924079816,0.0080076394621858,0.0136080083158827,0.0
E02003520,Brighton and Hove 030,J01000014,Brighton & Hove,0.5656492260919102,0.2953205937924592,0.0452779134114583,0.0076893792636152,0.0,0.086062887440557,0.0
E02003521,Brighton and Hove 031,J01000014,Brighton & Hove,0.574170571786386,0.2611937817232108,0.1024695502387152,0.0159666273328993,0.0233100137592833,0.0228894551595052,0.0
E02003522,Brighton and Hove 032,J01000014,Brighton & Hove,0.6755077230519262,0.153479056522764,0.068304811674973,0.0433702929266567,0.029644880623653,0.026758233432112,0.0029350017679148
E02003012,Bristol 001,J01000015,Bristol,0.668606791508493,0.1144180363004376,0.038814150503209,0.0135438888119796,0.0010005257050264,0.1628373273919526,0.0007792797789015
E02003013,Bristol 002,J01000015,Bristol,0.6551630372141564,0.1239017077269983,0.0558412609182202,0.0570252381680861,0.0003310174901086,0.1077364418128017,1.2966696284871244e-06
E02003014,Bristol 003,J01000015,Bristol,0.6058296841777369,0.1612445959884129,0.0429504146885484,0.0169327601362554,0.001214797725987,0.1687434907263137,0.0030842565567454
E02003015,Bristol 004,J01000015,Bristol,0.6902411050951464,0.1618758050870684,0.0690174863468773,0.0187626082224543,0.0007007322776264,0.0592771949937107,0.0001250679771164
E02003016,Bristol 005,J01000015,Bristol,0.6658778797496449,0.1849237268621271,0.0991896889426491,0.0130033666437322,0.0224107222123579,0.0140550093217329,0.0005396062677556
E02003017,Bristol 006,J01000015,Bristol,0.592992625220774,0.1696251091783983,0.0377728301699798,0.0147411988513304,0.0,0.1848682365795173,0.0
E02003018,Bristol 007,J01000015,Bristol,0.6230824302683748,0.1008373640406505,0.0466852955733607,0.0105938046235504,0.0,0.2185158931216959,0.0002852123723674
E02003019,Bristol 008,J01000015,Bristol,0.6400606224423363,0.1512903355189732,0.0726382184709821,0.0644148181733631,0.0160357956659226,0.052056419735863,0.0035037899925595
E02003020,Bristol 009,J01000015,Bristol,0.6455100970561278,0.117918933037273,0.0366651993224074,0.0154502996519291,0.0007267616314594,0.1837145075451728,1.420175563023743e-05
E02003021,Bristol 010,J01000015,Bristol,0.6568287371580999,0.1591902041284024,0.0836542625507895,0.0262194708084203,0.0,0.0654386556677788,0.0086686696865089
E02003022,Bristol 011,J01000015,Bristol,0.6647175709265375,0.1615309774558031,0.0632756776962144,0.0316764059117589,5.900245788465808e-05,0.078676836952223,6.352859957815276e-05
E02003023,Bristol 012,J01000015,Bristol,0.5715688018181063,0.0904383794498829,0.0358118373855405,0.0213660421641732,5.756022959102986e-05,0.2801470119460874,0.0006103670066184
E02003024,Bristol 013,J01000015,Bristol,0.6324399908383688,0.1791362762451172,0.065877358118693,0.0014881690343221,0.0,0.1210582057634989,0.0
E02003025,Bristol 014,J01000015,Bristol,0.6813053435562921,0.1176582658794564,0.0749537150065104,0.0033284397752072,0.008613281966375,0.1116174868015056,0.002523467014653
E02003026,Bristol 015,J01000015,Bristol,0.6035952942685986,0.1021002239166189,0.0263822600643294,0.0146002867674663,0.0,0.2532209429824561,0.0001009920005303
E02003027,Bristol 016,J01000015,Bristol,0.6386211189681185,0.2417638858635268,0.0736971872295448,0.0064903990237298,0.0,0.0386629618570476,0.0007644470580323
E02003028,Bristol 017,J01000015,Bristol,0.6321268029361146,0.2079200535413334,0.0530480309857746,0.0068505267992316,0.0,0.1000370674203039,1.7518317241773308e-05
E02003029,Bristol 018,J01000015,Bristol,0.667948290133853,0.1689356681186512,0.0861683451564263,0.012917339936336,0.000118074783084,0.0639122818716492,0.0
E02003030,Bristol 019,J01000015,Bristol,0.6191106884684784,0.1781483328105598,0.0694382522279853,0.0246107341437939,0.0003916001477778,0.1061220737482538,0.0021783184531508
E02003031,Bristol 020,J01000015,Bristol,0.5912675577051499,0.2342772203333237,0.0658504261690027,0.0015289362739114,0.0,0.1010758456061868,0.0060000139124253
E02003032,Bristol 021,J01000015,Bristol,0.6424463519769181,0.1872851513475778,0.0722038953339399,0.0214395995440093,0.003250551032254,0.0725478206772402,0.0008266300880605
E02003033,Bristol 022,J01000015,Bristol,0.600561017820821,0.2511399398894,0.0461660531850961,0.0005076481745793,0.0,0.1003107375647189,0.0013146033653846
E02003034,Bristol 023,J01000015,Bristol,0.5768287203411082,0.2654895747979769,0.0687526820150034,0.0001915488493162,0.0064100434508504,0.0821314944496637,0.000195936096081
E02003036,Bristol 025,J01000015,Bristol,0.6074056276133363,0.2632901903609155,0.0485741843639964,0.0,0.0,0.0805080360090228,0.0002219616527288
E02003037,Bristol 026,J01000015,Bristol,0.6047267653961598,0.2455374902210703,0.0264059789174259,0.0,0.0,0.123329765465344,0.0
E02003038,Bristol 027,J01000015,Bristol,0.6057369697384718,0.2483885602253239,0.0975756017173208,0.0081962771532012,0.0,0.0393639541253811,0.000738637040301
E02003039,Bristol 028,J01000015,Bristol,0.6740638717921169,0.2022526109616742,0.0857045711374938,0.0030218397938666,0.0,0.0325838699790489,0.0023732363357993
E02003040,Bristol 029,J01000015,Bristol,0.5098383104478991,0.2531466870694547,0.0784538887642525,0.0388860187015017,3.479622505806588e-06,0.1051776989086254,0.0144939164857606
